&Calibration
   pA = 46.46789387437398,  61.05334865965203
   pB = 40.03403618230865,  36.337144043834165
   pC = 26.37852538962103,  30.710022854439618
   pD = 32.55658040376753,  43.490772689827
/ 
