&Calibration
   pA = 67.2321060444901,  96.36883391607823
   pB = 42.87712749041973,  60.69013684944102
   pC = 40.46336203911349,  53.09503207707191
   pD = 70.62637497115483,  68.65618705859146
/ 
