&Calibration
   pA = 65.60353662573911,  98.83339389790704
   pB = 45.46639944237108,  59.50503841490945
   pC = 38.24400907359054,  51.717329921013025
   pD = 68.04797994686884,  70.66341041439206
/ 
