&Calibration
   pA = 66.42800173024402,  96.40842825061505
   pB = 44.78128970334213,  61.003581078061565
   pC = 40.21866672508671,  53.27124502050419
   pD = 70.58240009945688,  68.67802616613743
/ 
