&Calibration
   pA = 68.67341890547465,  95.32729801444168
   pB = 41.058751799217426,  60.52069727421974
   pC = 43.33935680473345,  54.02053709835168
   pD = 69.75237241147602,  68.9059120609011
/ 
