&Calibration
   pA = 68.58334459334114,  96.94356026369785
   pB = 43.84550563021815,  60.30488494558597
   pC = 40.42127263363758,  53.126778849873205
   pD = 69.26734913179861,  70.0218785743764
/ 
