&Calibration
   pA = 36.415058673916064,  78.53669168344688
   pB = 31.554926827895258,  43.69520107599599
   pC = 27.859014960733663,  33.949627232312814
   pD = 46.19855738832317,  49.3817814386846
/ 
