&Calibration
   pA = 36.16153342793687,  78.38087748450347
   pB = 27.83672649267382,  43.371020191316795
   pC = 28.2010024159033,  33.99451911650576
   pD = 48.58288551757479,  49.41209397339931
/ 
